114.15415469958897	,30.583591673488705
114.15415370061248	,30.583547688176115
114.14506267238954	,30.557808941534464
114.20775139399021	,30.568304045928308
114.1647286238166	,30.58951308842761
114.15932876928649	,30.61493298560823
114.16523537899937	,30.620514776155105
114.19225709792892	,30.60734069703901
114.18653490102807	,30.596289436130547
114.19913337781641	,30.59509120334251
114.19884866104306	,30.595418654133343
114.20232875174446	,30.562660838498577
114.20693479696264	,30.566342713802204
114.19294780951898	,30.608153492545735
114.20617474712633	,30.570810119503488
114.19939126750559	,30.591996775463844
114.20574665478273	,30.549361121194067
114.19848377034685	,30.502994688476612
114.19908259685249	,30.56805222399886
114.20569854188578	,30.549434032981935
114.20965942475637	,30.522050024374156
114.19099720598105	,30.602890393669405
114.20932779846284	,30.52127486712359
114.1865509447738	,30.596285465339417
114.20005663636303	,30.571510404868373
114.20364573245492	,30.609466988973093
114.18881307944669	,30.549470410493928
114.19238493598576	,30.5669202108199
114.18887825217818	,30.549477518075804
114.21030601762477	,30.62334787198047
114.21174026477718	,30.608046748951182
114.21328929549458	,30.58541226293996
114.18714823677419	,30.611469501112634
114.2035334766214	,30.609460837486132
114.21085899004015	,30.613677471106282
114.19779282131634	,30.552319840754464
114.20054171646258	,30.595473118290958
114.19412722676529	,30.522758916636953
114.1862625783249	,30.54546641325076
114.18881307944669	,30.549470410493928
114.20804717028186	,30.566661008254776
114.19771989118652	,30.503170486763125
114.19774093644578	,30.503243496992024
114.19885330030361	,30.541953953939615
114.20090788245324	,30.615108872287923
114.21081584547647	,30.56803886563097
114.20384471078997	,30.60340566757891
114.15913320208605	,30.61497160596596
114.19921858763597	,30.595042348340186
114.1996836734715	,30.59541988783772
114.2027086186123	,30.56280731786877
114.20445079885903	,30.5720303898678
114.20942391079413	,30.522306658984892
114.19721501744378	,30.55675742307487
114.21080453632905	,30.53658170266917
114.20057086601412	,30.536752202287907
114.20174434663099	,30.56316483481504
114.20948407849792	,30.521820884835876
114.20152788340276	,30.551094747595453
114.20975888344199	,30.623346219621823
114.2062763945186	,30.623705713901668
114.19144796741652	,30.515406878745935
114.21070633994024	,30.53652860501958
114.20044748908926	,30.59551396597283
114.20528770068486	,30.513837040409662
114.34778432629928	,30.476182614235956
114.25899636943102	,30.445956703370058
114.26326630110377	,30.454298976470913
114.25803637288956	,30.445590305868915
114.25335719570683	,30.43935580047285
114.28858525659774	,30.481286615944917
114.38251368407201	,30.47496045632181
114.3023681328504	,30.487899303849012
114.26313232496697	,30.454287073885336
114.28727092977319	,30.48988614420898
114.28862614585778	,30.482053344465236
114.30541357807358	,30.47768770094086
114.32037911028038	,30.476718930477883
114.28822231885418	,30.473532251873817
114.34833657490698	,30.47609072046696
114.27255641222531	,30.48362322246598
114.33039684057462	,30.487210891642164
114.33833047520402	,30.484677832787327
114.33873040242999	,30.489928631534475
114.37382682329397	,30.46575957484985
114.32314661384635	,30.487927533461924
114.30226628053188	,30.487873490127242
114.31797401147332	,30.48841130375541
114.25898331531195	,30.446587559281788
114.3163333864539	,30.480056750151427
114.30532969961656	,30.477719843330366
114.3056026098025	,30.485655168399
114.27932243598845	,30.476835436152566
114.25896540312787	,30.445559815497138
114.25904931084504	,30.44664550876705
114.27785324530377	,30.492228938364438
114.21787250166554	,30.415305861814026
114.26737691116215	,30.48144068246639
114.37205875180747	,30.467285881798325
114.25560163632598	,30.486288908066886
114.24262462229225	,30.465961785732944
114.26224941998542	,30.489714281918776
114.38247169245072	,30.474959481920653
114.26128080563966	,30.544695854178144
114.24040259528714	,30.55088395737081
114.29368744208472	,30.537716663736806
114.26683407963417	,30.574663210328076
114.26610239599077	,30.55035544302515
114.24816594877758	,30.571392680372337
114.26135280309339	,30.54464882410183
114.23835050292706	,30.577504087609185
114.29536185602355	,30.52012362458378
114.26261789506005	,30.541814939035103
114.2563379407977	,30.542191401321514
114.25367116027232	,30.53399220132969
114.25358547967613	,30.530031519157394
114.25123461228964	,30.53201860422649
114.2626668898919	,30.541790913482775
114.24813028993864	,30.543959296350238
114.25522777957572	,30.530519729382558
114.26667332077633	,30.572457150970894
114.2886560132854	,30.57602003169075
114.25662079596053	,30.56752346522941
114.2517681443387	,30.527914782488278
114.27000865246416	,30.553782846288044
114.24810728035372	,30.543940306158756
114.24055472772385	,30.550811003937827
114.24086296213228	,30.551020972654893
114.25620210806542	,30.574934962715375
114.26717420685392	,30.548647142841094
114.23769048949275	,30.523927331402916
114.26623736838592	,30.550214382153392
114.24898592936472	,30.52953391136971
114.24312489444242	,30.548582997798093
114.24069174147037	,30.551962626235802
114.24001729313812	,30.55062798693543
114.2642430396562	,30.54834757107215
114.24122627590819	,30.550769102779128
114.28621307744098	,30.570565578485038
114.24962757919447	,30.571756288105018
114.2405042729288	,30.532343173476534
114.29726940013512	,30.543006040911582
114.29666324053815	,30.542511216484506
114.2335643359316	,30.557025963511382
114.2611727788106	,30.568372653184984
114.28810589641068	,30.57273604907379
114.28960520495748	,30.549993870222092
114.28966014423652	,30.549980791879072
114.25434970366044	,30.552724651083924
114.24085912058479	,30.560772573067407
114.24053128910182	,30.53241515383845
114.22691468989068	,30.52384055265408
114.2151028838793	,30.561079090743572
114.24143136688637	,30.528321587638658
114.2612465950157	,30.57043386048766
114.24746091559331	,30.521118822463286
114.28585940620685	,30.57093194706114
114.27742096632453	,30.580493381586702
114.28365289344099	,30.578723141602516
114.26144275788377	,30.56832949649619
114.22786633233405	,30.555111755591746
114.29409187379193	,30.538486760247302
114.23840153927951	,30.577629052668787
114.2884555026932	,30.52652836285587
114.2918626469159	,30.526198290586105
114.23585893192471	,30.579024856043144
114.26092394009237	,30.578350160933173
114.2896037167852	,30.509280015375886
114.27009404886464	,30.571962302705042
114.28721360832917	,30.517554010057754
114.29576555980664	,30.540729294691577
114.29868560590295	,30.553396110196868
114.2963249681964	,30.55077396980454
114.22613687796814	,30.555170630524806
114.29184466550116	,30.526230308388406
114.26185653692595	,30.57038848243127
114.29842686566515	,30.542867140988335
114.25546130083501	,30.57144256365007
114.26237891771908	,30.49536757937059
114.24970954322174	,30.572572973465405
114.24416099271565	,30.57898418874623
114.28299707494925	,30.514093955215557
114.29999340750712	,30.55811423039949
114.24877427249307	,30.570965737208425
114.2765361379274	,30.574229725704477
114.28806793666905	,30.57274510157943
114.21490049599073	,30.56113286067341
114.29290683518727	,30.532658566216696
114.24412697601335	,30.578915214258338
114.26434429715324	,30.579963217538484
114.2411233480306	,30.560605664239862
114.29862961211221	,30.542630876835577
114.29184766530317	,30.52619131616825
114.21785721738829	,30.55793394054714
114.26817343613328	,30.576708311817253
114.22455636374498	,30.55710685332816
114.27724208792121	,30.58059055528389
114.23833948637723	,30.57757805782432
114.28821678190775	,30.572670909624353
114.27019334455252	,30.568004643396613
114.29170282347509	,30.52634749180068
114.2383274644181	,30.577704008584988
114.22485681909845	,30.522224667372754
114.23817932662239	,30.577706974136078
114.24554615552769	,30.57567137863881
114.2837489898369	,30.576553813747676
114.2613857709092	,30.568241564798118
114.26803849089349	,30.576657448816142
114.30001637902139	,30.558076204228662
114.27652114123303	,30.57431271250883
114.28605019866403	,30.57108961951279
114.27346370949351	,30.578841408940644
114.23690420972045	,30.576461112925543
114.21448918829792	,30.567209261074073
114.24590697105148	,30.580308641535673
114.22023622771735	,30.571014442414512
114.26716006324077	,30.573610322924598
114.24902324106468	,30.572641082862894
114.26765992319135	,30.573233034844087
114.23971300987377	,30.550890846583712
114.24110422491852	,30.550228274347397
114.2405627354532	,30.55079800950968
114.29405597381022	,30.537846030226504
114.29837931781606	,30.538375720510764
114.24808995699277	,30.570866882790227
114.29841326652125	,30.5384396418798
114.24903032549251	,30.571696425883246
114.29292740064298	,30.537404975887107
114.29202641887065	,30.538176137667154
114.26587431937337	,30.57524677927571
114.26587231856122	,30.57526277499605
114.24902632551093	,30.571675434255905
114.24068775074498	,30.551816676002847
114.26716689972896	,30.575482630257504
114.29405996883655	,30.537846023809518
114.29241177420242	,30.540300827618506
114.26586332084158	,30.575265781082873
114.26623619150978	,30.575513389660024
114.29239680573811	,30.54014390344594
114.24846010596006	,30.57120270363802
114.29318103976061	,30.538003375798837
114.29320401606732	,30.537952356198574
114.26707399818314	,30.57469899643353
114.24034854548874	,30.550938930629172
114.29360057191994	,30.537454889135557
114.29487590963583	,30.538249572144927
114.29258580810547	,30.53747849091263
114.26634825606166	,30.574373716989207
114.29471319047863	,30.5373781245123
114.29547524496141	,30.53711097200286
114.24750757299857	,30.57193357416298
114.24788477544921	,30.571800572661154
114.24915837158265	,30.57182135666683
114.26621820055222	,30.575470420067408
114.29814564328981	,30.538247157900628
114.29262853369883	,30.54006056658512
114.29478302586571	,30.53826371818936
114.26612527957039	,30.57487071569065
114.29499287484272	,30.536935816607294
114.29403501361743	,30.537687116486964
114.26743092592058	,30.574133901353687
114.2487011510754	,30.571986378449978
114.29468822731077	,30.537316185427795
114.24826197566183	,30.57161958321907
114.29254685715996	,30.537454560160583
114.29442757658177	,30.537067689044218
114.29463226814168	,30.537660162309063
114.2408759849933	,30.55087802343561
114.26576348918401	,30.550393701502603
114.29515156416824	,30.53819914048306
114.26614234836634	,30.550773267246708
114.24937246764881	,30.57179032690308
114.2932969289808	,30.537643310783167
114.24901631200441	,30.571780397871038
114.26759190895406	,30.573677930571634
114.26775916646857	,30.616411272175004
114.26805859368224	,30.6101885236904
114.27243743480545	,30.62351694832788
114.25450021443298	,30.58202704928218
114.2693081390354	,30.586511629807703
114.24704852230926	,30.616180574173878
114.28088970911345	,30.621175176109983
114.25354839362413	,30.635497055027436
114.25959153633897	,30.630178484999842
114.26008146152249	,30.6308829028551
114.28179598664973	,30.608864995274587
114.25544124638856	,30.618487398622417
114.29225859056497	,30.59086095770368
114.28263947541075	,30.606028015219334
114.26445987476738	,30.607782410415336
114.25402431378983	,30.61452357318906
114.28497157094348	,30.60246425356067
114.30034577001571	,30.60603769064203
114.24193946369935	,30.62474711729096
114.25178273805506	,30.63726686872652
114.2548552713632	,30.617006244408746
114.25293161568908	,30.631067134644574
114.25457168328576	,30.58836563129837
114.2557970929909	,30.632502431787398
114.27579549393391	,30.59917012630602
114.26567201868129	,30.614205896151613
114.28430420917655	,30.602612117575635
114.26434389496728	,30.60784647166523
114.26634909311927	,30.622672893522456
114.29478825785563	,30.628007058851388
114.27260105889873	,30.592062315865714
114.23417542330863	,30.61042315215609
114.2488256484754	,30.636532864696616
114.27544817300026	,30.617149343810766
114.25585410783859	,30.63242643881953
114.26277489963856	,30.6343776996079
114.26631510336885	,30.622672921232258
114.26634609359452	,30.622677893908733
114.23422577805513	,30.630148084848617
114.28203583300936	,30.608181954404678
114.25962864846188	,30.582449412311327
114.27813282991758	,30.610713839309703
114.28504665384067	,30.600646862865965
114.29449468956672	,30.627297829948144
114.30054211939975	,30.62192292702348
114.25692760015147	,30.581792084637183
114.27011484380544	,30.585841132835522
114.2954844145144	,30.62750813260147
114.26315119865889	,30.595409221004637
114.27025560565535	,30.5878592353422
114.22452413137938	,30.582452653451355
114.30007763757344	,30.623396120982786
114.25859085367104	,30.591646507490573
114.29752625270588	,30.644740433294043
114.25622045928849	,30.582501148485356
114.29458649690598	,30.593537220985638
114.29494400496424	,30.628648538062073
114.2724756268224	,30.609463623851134
114.29416961589006	,30.6213078335649
114.28438514109901	,30.602495052457062
114.23589339596022	,30.608880363031187
114.28569870090236	,30.60413857497681
114.29487409048349	,30.62868463657415
114.25066538863602	,30.590378107086767
114.29527163527922	,30.628102232549704
114.29451264403714	,30.627562690541822
114.28429822160213	,30.60253515609714
114.24887981883599	,30.588418230756577
114.29960425444072	,30.623820758617057
114.2152518864953	,30.58748756952459
114.29237843709552	,30.59097172721706
114.29510483827798	,30.628213458082197
114.294937014006	,30.628646550256143
114.2806569066061	,30.621174473256403
114.26548053790411	,30.631971716064644
114.23394847990767	,30.630028029593426
114.26547653655525	,30.631999707431987
114.26454586394294	,30.642458973704123
114.30058747211736	,30.60558845118585
114.2570570016426	,30.612105253452288
114.26911181581117	,30.60281451358694
114.27468195066513	,30.590674644439947
114.29075404082543	,30.640818009731735
114.2927050466952	,30.590929229276295
114.28336658605494	,30.608557035683816
114.29528162321903	,30.628094219590952
114.2844391171673	,30.60216710723525
114.28469208242406	,30.599719717974423
114.29483727810094	,30.62705737518181
114.28509957540984	,30.600948670799784
114.29487114116208	,30.628142867637745
114.29512887342099	,30.627454735415363
114.28744048938812	,30.620413524954984
114.29235644830808	,30.591147694382524
114.26965309368752	,30.585322760755172
114.28273447226402	,30.60506127228552
114.2687824722263	,30.58515262046026
114.21460425557551	,30.603726610745177
114.28882320236859	,30.58327808396541
114.29543441027229	,30.639834007924705
114.29042951952889	,30.59339081711742
114.25617542248757	,30.582861033984365
114.21441690358442	,30.603653441368326
114.28955635402359	,30.583647847433177
114.2144499711495	,30.603604495742932
114.24718954675542	,30.5819319218117
114.30056349527207	,30.605707445466408
114.3004056760846	,30.606159538814904
114.25661447851633	,30.582825845711454
114.29044332172838	,30.58392639769147
114.28943944627575	,30.58409885376761
114.2560284318501	,30.582524226033584
114.2156075597086	,30.587426958581396
114.29003478252733	,30.583999991845076
114.25961350735983	,30.584091804740215
114.28172216444548	,30.59598016237658
114.27259733669844	,30.60046106346283
114.30009412960018	,30.60592017115119
114.29997884016113	,30.62263760408925
114.24732261512752	,30.581950899311995
114.28961729161068	,30.583576782319223
114.28955736109695	,30.58355288159533
114.28983608651885	,30.583091634083964
114.22368349127797	,30.609678486771877
114.24955951148773	,30.58383183492241
114.2923754298189	,30.59109768372147
114.25090027210159	,30.581119544472564
114.28578746221712	,30.640549448073394
114.28942145270214	,30.58425782099901
114.2903504497495	,30.583678632527228
114.29175312545627	,30.591644447393534
114.2814900037931	,30.65803264391176
114.28941674471994	,30.604078181845882
114.28124976059419	,30.58225900126648
114.25538738635412	,30.581929726350264
114.22449320808904	,30.581017167331726
114.29512180142095	,30.616846117044815
114.21441389133585	,30.603728408598666
114.21815233434305	,30.585862051717765
114.2895344486839	,30.582837184704427
114.29245133988046	,30.59108157059413
114.28857933913481	,30.59637044952541
114.28466669858932	,30.59287340801413
114.24872933039465	,30.581675798272418
114.22295095956092	,30.60251776551666
114.27691592633325	,30.585178215357107
114.25759148714982	,30.58374502695484
114.28667857530141	,30.59397914742927
114.30025889476111	,30.60599185874162
114.25476874892297	,30.58805267239384
114.22041118440478	,30.5865418375886
114.28860023417896	,30.643552084099436
114.2356921926485	,30.608817324376535
114.21508504903849	,30.59353908468592
114.26312324514286	,30.594924428103848
114.28314263841227	,30.587206647785845
114.2841049268142	,30.584942200396465
114.28207703693487	,30.605396008234113
114.28931657019727	,30.58425597917273
114.30040671500507	,30.605693721917127
114.29147573120244	,30.657735516394524
114.29934225612874	,30.651002634653395
114.2754198471932	,30.59796601677423
114.29040354642048	,30.593424843656518
114.28961739945224	,30.58232725082932
114.29659306837291	,30.59182958996702
114.22533211666894	,30.6198925490201
114.28844249418141	,30.596308676124043
114.22447017580741	,30.580985162513038
114.29040137206748	,30.583901471094396
114.28891310535144	,30.583251959867205
114.28961036418664	,30.58282707414072
114.28924992368559	,30.604165397731066
114.29044034380951	,30.583710483403472
114.28665759355282	,30.594020161717513
114.26937617676134	,30.585739859108504
114.28436134297155	,30.588846369806543
114.289585400911	,30.582727149222023
114.28953145429305	,30.5828111989557
114.29260316662474	,30.590967375325324
114.29037358107111	,30.59342189050932
114.23121836385171	,30.58246671244887
114.28127573642297	,30.582278960312884
114.28387915731312	,30.584768573901247
114.30062455374248	,30.604048996470734
114.29610416339834	,30.598087979044998
114.25319286630133	,30.582537334326464
114.26869339216084	,30.586494193651127
114.26816860528052	,30.586374704460745
114.27017682819748	,30.58569512941822
114.2698689619517	,30.58575039815379
114.2701417566433	,30.58671077854053
114.26894331711321	,30.58619908026328
114.25421513085685	,30.582302055629672
114.25181146970962	,30.58245579832518
114.28091768638829	,30.621162145685755
114.2683165139347	,30.58678441911472
114.26808258828795	,30.610147519125327
114.25482433051393	,30.581419148599196
114.25562340959482	,30.582097563052795
114.25513827896017	,30.5826845476676
114.2536069698943	,30.582548186388838
114.26899729922171	,30.58615104954504
114.26983092126342	,30.586418181299553
114.25349503968597	,30.581417648715444
114.2569546133524	,30.581669117657498
114.28081817666698	,30.662722417130684
114.28534657768844	,30.586502892280688
114.28990592007474	,30.584102148746442
114.22222225582478	,30.585574717312138
114.2245611860204	,30.582471673206967
114.28987104943026	,30.583062592081177
114.2976631357858	,30.597831485150493
114.26780120399921	,30.615800483943705
114.26734029629381	,30.616611549867393
114.2701088345563	,30.585980086005335
114.2675182701112	,30.616200565089773
114.27023665793678	,30.587353445231706
114.26807958940513	,30.610147521749692
114.26748926928954	,30.616327538306
114.26837755824755	,30.585998662367256
114.25423319696147	,30.58157931906327
114.25423919687812	,30.581595310816603
114.25428320838009	,30.58157130307906
114.26859946328923	,30.586099426970588
114.25526745702888	,30.580875170444717
114.270492568481	,30.58701532975275
114.25417817694216	,30.58167330471777
114.2686773286239	,30.610505848765758
114.26871729989736	,30.610654753205864
114.27056157354134	,30.58658042837388
114.2705395438511	,30.587045273447686
114.2529708391311	,30.582165547996617
114.25644151705822	,30.582147180075257
114.26789871671669	,30.609444960842865
114.26807958940513	,30.610147521749692
114.27059254755973	,30.58671234872984
114.2563125836402	,30.581191596250388
114.25550048241045	,30.58102701561212
114.26895835844545	,30.585648274769646
114.26905022867518	,30.586717787112452
114.27037758227743	,30.58747726437068
114.27050055732926	,30.587101289539028
114.25466929155188	,30.58152417103225
114.25707362184009	,30.581700048771033
114.26921726270491	,30.585519088093506
114.28094466069209	,30.621193098446295
114.25679057588489	,30.581914104239072
114.25405607763209	,30.58251403589728
114.26940412552662	,30.586196660790502
114.26810463079401	,30.586356767366805
114.2698068831276	,30.586983989541114
114.25358500919123	,30.58202938835599
114.2687404723896	,30.58534558540808
114.25530330427999	,30.58272046566895
114.25451017094879	,30.582555847489445
114.2525947249631	,30.582269631028886
114.2566776057314	,30.581428339021546
114.26987989438882	,30.586478112829244
114.25545440737255	,30.581812741755325
114.26978698105694	,30.585949399562956
114.34800008092883	,30.555907586491635
114.3585646440769	,30.535848045417207
114.3400475040986	,30.54603578257959
114.32857372363004	,30.534175072975955
114.32221764767941	,30.53966642290934
114.34624977815913	,30.530064218272685
114.34742714780747	,30.529838305186146
114.3458040932698	,30.522225481443378
114.32099973645622	,30.527035883740712
114.30441652796124	,30.553145197409947
114.34384318878317	,30.51912483463189
114.37208914979679	,30.508341302967573
114.34008043737636	,30.546226658608227
114.35776823494483	,30.527809795752173
114.33940657728574	,30.53346212483008
114.34009641430441	,30.546212634652296
114.34198339222971	,30.525326141761933
114.34239306807049	,30.51056601352457
114.34190550716869	,30.525340275146117
114.37548026931749	,30.519310767414748
114.33553483894657	,30.5421843230925
114.36733658568471	,30.531348206317688
114.33137840071515	,30.53157060384126
114.34630370641571	,30.53001314324918
114.34382621381052	,30.519121865101685
114.33685391916993	,30.528950241553318
114.30911358431895	,30.540160066074606
114.32636942451909	,30.54451983943141
114.34501023446091	,30.522155863454568
114.30431606168044	,30.537119797482333
114.35831150666866	,30.529182576764057
114.35958450678996	,30.524703221861454
114.31991173062427	,30.536056038232946
114.33807802450009	,30.528841035754358
114.3248958020974	,30.533418348516808
114.36605565461751	,30.53137770199414
114.30889738259175	,30.51166156152277
114.32522935555527	,30.543780270992297
114.33996860637761	,30.54623985522425
114.32962999619035	,30.534280030236374
114.34888992426012	,30.555215354534557
114.33996860637761	,30.54623985522425
114.36056652485215	,30.524049079780674
114.31938370825715	,30.511642792399233
114.31705560253502	,30.533385371623186
114.36727164539907	,30.531270306648047
114.34865715539787	,30.556195396588823
114.31696672557136	,30.533623463162524
114.31188444597065	,30.51505296960258
114.3613487642602	,30.52352918892694
114.31986978896997	,30.53617208032665
114.35950745532384	,30.503324901314894
114.33522549592877	,30.494252831599315
114.34635933367136	,30.521915634711522
114.30405909650227	,30.552623016478506
114.38549483744374	,30.503150874671093
114.31041450006987	,30.552526457867398
114.34343353482015	,30.56790912339328
114.36340333160804	,30.516772619463307
114.30435575130925	,30.54003575912719
114.35001682831519	,30.57330405221517
114.3720941687914	,30.50808737457449
114.30220482680953	,30.540456430815617
114.3727417633925	,30.50812172808406
114.3590753020796	,30.51044136759719
114.37250386946035	,30.50857782241195
114.35723668888738	,30.506606149931248
114.31858929397487	,30.55438336700843
114.30801371953683	,30.546503955514694
114.30881151768057	,30.546291560766743
114.30384539316584	,30.552798336726003
114.3128487153462	,30.52902575394006
114.30434876379975	,30.540009780275405
114.31192469550798	,30.546083845492316
114.31543315996937	,30.49940498194436
114.31206747195291	,30.54607058252381
114.3120814479553	,30.546093548542764
114.35074172372842	,30.506209220236865
114.34680996667629	,30.5073753516655
114.36063613772775	,30.5047399287079
114.30722686158244	,30.570203070921007
114.31570967989133	,30.545989736072297
114.3628265125044	,30.509589563835977
114.33009747245778	,30.55457429167366
114.32080197568078	,30.528003952192627
114.37179738094157	,30.507832747773353
114.36037867566021	,30.501656194267735
114.36482404042891	,30.505031408060454
114.30470819421626	,30.5520480542804
114.35980214926842	,30.5032155251909
114.37208618747336	,30.507931429513786
114.35852656948218	,30.50281343016332
114.30350189644514	,30.552754962519316
114.31427695815324	,30.53465023267609
114.30419689735521	,30.552595779961283
114.36482704260754	,30.504975421063893
114.304708142643	,30.552644848265935
114.37520440184194	,30.519384986165363
114.35670295974367	,30.522004190148806
114.38400937407832	,30.532965350802492
114.34862531808066	,30.566281876825737
114.30330518645208	,30.5526983311076
114.31299825833659	,30.520021334623372
114.30405317114538	,30.540301210963808
114.34035568125383	,30.504170561360606
114.30345996255163	,30.552694058023565
114.36243207565127	,30.564771843334242
114.30349191456077	,30.55271299475283
114.37028153772341	,30.506302769365117
114.3087156630967	,30.54631073086979
114.37258884075942	,30.508306821134795
114.34909160333322	,30.50989978944328
114.37019359899011	,30.506311859671285
114.34896385526555	,30.554856357814884
114.33495491041131	,30.494408289172675
114.32386558527138	,30.578353647850957
114.33494391747753	,30.49452727533735
114.38605120118896	,30.521567981738407
114.3108011410133	,30.515068987835658
114.31866461793344	,30.503105735341386
114.34909564827554	,30.5551820278113
114.34885598353597	,30.555064462976087
114.34841147730609	,30.5563517482972
114.34725615549873	,30.55540400579864
114.3499892074903	,30.557936605475
114.34810099214003	,30.5553336187468
114.34626049890474	,30.556022471226882
114.3504745829301	,30.557710899003727
114.34788218447044	,30.55658354677051
114.34795320206236	,30.55525989035373
114.34716729394167	,30.555237213181353
114.34893988394133	,30.55490038193989
114.3482606893017	,30.556290019848593
114.34698150059643	,30.555843314497448
114.34738188610609	,30.55648541744672
114.34783224093337	,30.55672658002748
114.3489156963122	,30.55742553995906
114.3479522032645	,30.555261891320235
114.3479071561283	,30.556513529628926
114.34731808218336	,30.555255953438202
114.30906756575536	,30.49495020529319
114.31327655100326	,30.49998888795503
114.32392748014813	,30.57839551364856
114.32321226731555	,30.502222283597643
114.38221840668284	,30.50173908965132
114.32716811651866	,30.498478808710832
114.30479241105962	,30.501838979488475
114.33486088354738	,30.576868349098962
114.3053641963702	,30.50611967887098
114.30196631595668	,30.504001350819692
114.30181673009109	,30.55952357078437
114.319111387591	,30.497376563326927
114.38668508884122	,30.511252894292713
114.30544507823662	,30.506098539451685
114.33484391054176	,30.576867381006746
114.30338597220913	,30.495968204166605
114.30911156855257	,30.54037799712601
114.38546783903946	,30.503151887404623
114.30543509684499	,30.506054570608026
114.38301777030689	,30.495818341426112
114.37432552786484	,30.626006865110245
114.33597767158449	,30.604928538317303
114.37490855534548	,30.633540181964996
114.34510458806683	,30.60820691206682
114.35477855849014	,30.62131890669061
114.34407187734065	,30.610547759234304
114.3441267705243	,30.610855540369453
114.344080794964	,30.611341424918763
114.36315416430797	,30.624252940819463
114.32303179698278	,30.637559639925776
114.34923098750008	,30.617846087899633
114.3631301903031	,30.624218985695514
114.37327978970231	,30.58416341695676
114.32945847565122	,30.65820237213859
114.35366359526428	,30.613699717213194
114.3147139424877	,30.630438540026127
114.35011408016445	,30.603254504283715
114.35082891471326	,30.605771354929335
114.35730934806922	,30.623927079191603
114.3622645929044	,30.6292500157479
114.31468999587528	,30.630265657885094
114.33642597161554	,30.604875732079467
114.36873565158766	,30.586565194914154
114.34266449558598	,30.592794196906613
114.34077503958673	,30.5960322978949
114.3751290847162	,30.61481373664257
114.37228030687564	,30.630801806293256
114.37492286080122	,30.618581386296064
114.37407662780006	,30.626429917828744
114.35053929846165	,30.605745831035325
114.32580214948942	,30.650205871801234
114.3575744333561	,30.608096129635214
114.32568333753841	,30.650283065505253
114.32534986354855	,30.650521599764215
114.30497483870883	,30.609317223866782
114.30332047943175	,30.618315539106096
114.36582098689146	,30.60987248043329
114.33810353125389	,30.602868449978423
114.35773331545037	,30.584544038085266
114.36770111166284	,30.624763205584348
114.35082092791804	,30.605740380048474
114.36342368766341	,30.615348245637296
114.36480821898668	,30.60605123932632
114.36777903893723	,30.6248820673826
114.36614585006541	,30.619642132124213
114.34968767891698	,30.60292032927809
114.33560403112406	,30.664770894325567
114.36161594635219	,30.609801839469963
114.3581132025467	,30.6152174906017
114.30226655685927	,30.611852020362768
114.36656401063446	,30.59094201287279
114.36930863856519	,30.61602299902232
114.37574143451323	,30.60733320758903
114.36859596386462	,30.62984407884112
114.37544897494509	,30.6142186964965
114.37555828729703	,30.632828909830554
114.35838940887706	,30.59793097070291
114.34322693235688	,30.601185948743304
114.3633116592881	,30.605480348114252
114.37282968604082	,30.622622673706946
114.38618861275191	,30.619589344142195
114.38637560979356	,30.619569268283822
114.36908431806772	,30.5987751156466
114.36414695231643	,30.58175343338818
114.38147576978021	,30.590945285143025
114.30407126212246	,30.608221279569353
114.34245381920655	,30.592664617738535
114.35551339197859	,30.601705689754453
114.37897014902477	,30.62931563842774
114.37334704461675	,30.592216291043535
114.37604966880075	,30.61437111701824
114.30263494195404	,30.647425476556776
114.33964106640317	,30.661186119137476
114.31072505248947	,30.644260150153773
114.37322877505626	,30.584673273524828
114.37533843183624	,30.598239141783218
114.38519028411476	,30.635323258433065
114.31289798745377	,30.66316975890167
114.30232317234866	,30.603819123723515
114.37186070945567	,30.583637001101284
114.34640962376673	,30.58653611352335
114.37522832999427	,30.634229606915707
114.37909153633346	,30.624420586868037
114.30986372136005	,30.628976247931178
114.37650287164354	,30.632444267650378
114.35764668340511	,30.592884986999696
114.30383387578391	,30.616671297151342
114.31173454302271	,30.63192952353458
114.36335674978527	,30.615366323852665
114.32573027742401	,30.650090060014033
114.36980703205211	,30.618778337007015
114.30235401232517	,30.61668890907999
114.33588159885252	,30.664706409817654
114.36507888178402	,30.629930158553826
114.32280888591148	,30.583316822371703
114.35764967695388	,30.59291996922701
114.36025622074185	,30.58843402191431
114.37166783866175	,30.583587213675226
114.37233033583752	,30.584501209313057
114.33031792467608	,30.59121248418988
114.37392804184326	,30.634050858989436
114.37407299429003	,30.633669885838035
114.37432979637454	,30.63431337790034
114.37464261168195	,30.634496016528026
114.37500947769637	,30.633826970871997
114.37517041578477	,30.63358892884032
114.37484267415091	,30.632579646177682
114.3750044497595	,30.63417482826342
114.37514235063568	,30.634494570690137
114.37521532810027	,30.634326577349963
114.3365178115993	,30.605058490499918
114.37418392893167	,30.633714764692783
114.3747062584304	,30.626743213497093
114.37524231042269	,30.634371534553893
114.37460037576271	,30.626048597927177
114.37500855583986	,30.63294234523415
114.37462073401059	,30.633235569064492
114.37257619736417	,30.584341028462028
114.37398243786697	,30.583579976558003
114.34331432798024	,30.58373850102794
114.37262515493603	,30.58448192762564
114.37184370140159	,30.58385393658022
114.36496800206483	,30.58405554954603
114.36486808903277	,30.584088660110517
114.36482912276998	,30.584104702137143
114.33675245047387	,30.604984088156904
114.33642000009442	,30.604656829755076
114.33634705550523	,30.605333696058278
114.3356990662084	,30.605436851985147
114.33622231973489	,30.60455123603125
114.33523981599875	,30.605157813483153
114.33562725181555	,30.604608313146112
114.33615635081934	,30.60538302826378
114.33577201567044	,30.604698009771127
114.33672449240666	,30.605005131241356
114.37464831755196	,30.62642040003829
114.3751613550363	,30.63433362200359
114.36077728897638	,30.684047745742678
114.36647630832306	,30.67954859511548
114.36226065241718	,30.674180324168596
114.36648030573535	,30.679539594549734
114.36372081459479	,30.69042489749975
114.4055524054477	,30.50127335091543
114.45817637186919	,30.48997276620787
114.42760000411606	,30.659563936637788
114.39794324719732	,30.634398767758682
114.39145144883206	,30.489940569451974
114.48230387401513	,30.604778786280598
114.39592182808207	,30.63938663615491
114.4056850052107	,30.495790003336655
114.3976698315944	,30.523256961296468
114.39194279604361	,30.487253217983643
114.40286552426987	,30.508196406139604
114.40668875753784	,30.509539351568783
114.40591173828392	,30.501265495618807
114.40573156247565	,30.5013623949439
114.40180465628606	,30.50898390946854
114.3953164821208	,30.617629757554113
114.40137034552919	,30.508981818607957
114.40180465628606	,30.50898390946854
114.48141450941115	,30.605182020561298
114.40563788088407	,30.50818932273728
114.40285845579356	,30.50891818633631
114.39744604119497	,30.633782009446705
114.48238911094182	,30.605747652751514
114.39704975239401	,30.634810566903937
114.39752704379848	,30.63422582418714
114.42989040165428	,30.47949418615526
114.39919610301921	,30.621331316034734
114.43005374822562	,30.479495424963364
114.39783219119349	,30.634362777774346
114.39776915700936	,30.63437277083007
114.45852551313058	,30.489882655181447
114.40582105044525	,30.508186396185142
114.39363538717328	,30.497409018615734
114.4020108606852	,30.508371140929626
114.3899601723349	,30.53578992376754
114.39839451572142	,30.634149899806182
114.3982944888613	,30.64521915722312
114.39796821699832	,30.634895558693003
114.4059217354173	,30.50140545841744
114.48197054752475	,30.605685449491673
114.46954155834555	,30.600338175605028
114.48245336212663	,30.605627888881493
114.45737679673928	,30.48989582341885
114.45927887972057	,30.490954225898005
114.40223093891606	,30.509347897341875
114.41263036366917	,30.64767661170138
114.45815840613827	,30.48889502645769
114.40449461707894	,30.48806177090172
114.39801620001194	,30.63538335444601
114.39828648031094	,30.64526613637327
114.40323279626426	,30.508401445641063
114.4029777074049	,30.50710376534562
114.4512968619328	,30.58251801948376
114.45825464512713	,30.489746023668644
114.40674481022415	,30.5095613695941
114.45879241883681	,30.489455438382045
114.39693470444769	,30.634716605826437
114.43192134923369	,30.65728923741209
114.40200392955794	,30.621882558311047
114.45817536878978	,30.48997076429889
114.39853958909549	,30.61143328224151
114.39822699879193	,30.490380857695328
114.39898127177915	,30.606545274318044
114.39567307553821	,30.635349366319794
114.45878733785388	,30.490206213276203
114.46927663968674	,30.600110539042344
114.40376127636907	,30.507815778629773
114.39654178340865	,30.517439772312493
114.39832208209819	,30.49002596438913
114.39234477437674	,30.602999012899904
114.45765081437351	,30.488321938957768
114.4589148204754	,30.48942775061904
114.45818243295534	,30.489489917773692
114.45799090794763	,30.581416262308206
114.4034220782295	,30.5069119485836
114.451070156189	,30.582784407725587
114.4058250690847	,30.50801544932495
114.48627690468211	,30.568781142908616
114.42244840403936	,30.508835056584303
114.40680187050512	,30.509509410614342
114.40584507268693	,30.508187405509407
114.40692799492373	,30.50950246912165
114.39826047078033	,30.64521115850206
114.43060608498644	,30.61585584325309
114.40594178369258	,30.501066566376448
114.39599985679007	,30.639448606715455
114.45898191892488	,30.490833519397725
114.3960400136732	,30.61506276522632
114.40183271603568	,30.50853305187895
114.40336289568923	,30.50845746608528
114.40067149293752	,30.627559939592196
114.40288648656356	,30.50881622466476
114.6016362744357	,30.49591210492152
114.39774985309725	,30.523489890630458
114.60172628835407	,30.4954542021339
114.51778801326745	,30.525326624644244
114.40501138834621	,30.49587372382582
114.453552321959	,30.55273292740244
114.60176823297176	,30.49598903107688
114.39494592434188	,30.462180499844525
114.39719282318339	,30.63481056879055
114.48137230440764	,30.605734678107645
114.39648975909682	,30.517441772405316
114.39841254914163	,30.645280138802306
114.39840355815565	,30.645120207382035
114.45800384895308	,30.489555458871237
114.4580811801835	,30.581651396955177
114.39171074385348	,30.635767728679912
114.38957636999716	,30.635654346778637
114.50031126802331	,30.603190114486285
114.3953292052844	,30.506561141725733
114.39296196810325	,30.625538778558802
114.4159810725797	,30.645932989589042
114.40582601618014	,30.50863226363221
114.42162202098488	,30.50818332403139
114.43699947806654	,30.585019285540028
114.45906724571167	,30.490273890789506
114.51716518001062	,30.485162868503217
114.39831207656798	,30.49002596373457
114.47451865689392	,30.609592391413806
114.51789238896106	,30.525223947594448
114.48182400303014	,30.605635039991427
114.41341327201809	,30.603169641758356
114.4580990621913	,30.490662379966597
114.40332597470483	,30.633000266988073
114.41786122132707	,30.492931956455593
114.45806212090962	,30.581622360812105
114.51756322280421	,30.525315002511537
114.45804489995008	,30.49050928988076
114.47226124965954	,30.507107985756647
114.42193060121667	,30.5880484338113
114.45812722402736	,30.489839682607247
114.45571102373071	,30.65763154329245
114.45819035989273	,30.490640611409844
114.4206363412505	,30.50825723251584
114.40887012965769	,30.51952034427018
114.42785253938001	,30.659278409750353
114.5175612157331	,30.52531499692132
114.51810613519828	,30.525280523396276
114.40337400319287	,30.461425561243484
114.40927962979963	,30.62192939632246
114.39814439808771	,30.645314106884186
114.42642762886344	,30.510832340863413
114.43553468664952	,30.656967229710617
114.3936550001457	,30.536258965373854
114.39858061230935	,30.611433285380148
114.45576921006266	,30.657609692566805
114.39192579456629	,30.48722323001209
114.41322182795395	,30.651088548929373
114.44640124042691	,30.551281569404683
114.43419003605233	,30.593659234484146
114.395406798224	,30.625847369184566
114.4216841178295	,30.508300357530214
114.4723525707349	,30.50719521471656
114.4581282734163	,30.489303836709635
114.3945413107658	,30.501865604347376
114.4063848836116	,30.653399569676434
114.40557640127942	,30.501573271832584
114.40588872631703	,30.50115651842729
114.4053722526234	,30.501144319719664
114.4059127523022	,30.501115540197656
114.40589873503993	,30.501163520403846
114.40591172511263	,30.50141645112741
114.40541826229715	,30.501512228837722